0.0018552346
0.0294566723
0.2745403379
0.0274099086
0.0198196564
0.2882339802
0.0359768162
0.0605026509
0.2949063881
0.0447518783
0.0813849654
0.2847608425
0.0625999485
0.0667474905
0.2750184748
0.0828806802
0.0383075593
0.3129574548
0.0848096171
0.1080339612
0.3520224178
0.1001574981
0.1750066635
0.3716678777
0.1426033767
0.2311385683
0.3858863558
-0.0185504325
0.0436401703
0.2813891905
0.0096030486
0.2737845046
0.0298611062
0.0689219349
0.2699049878
0.0404573627
0.0873674162
0.2672522538
0.0560783664
0.0735380002
0.2735719216
0.0675183188
0.2824243533
0.0842983864
0.1128106641
0.2986522396
0.1049113702
0.1711704542
0.3137933052
0.1544976547
0.2252953068
0.3324984940
-0.0333969829
0.0629786832
0.2837955980
0.0102562893
0.0570361699
0.2648525685
0.0263762122
0.0815630877
0.2456820776
0.0432788377
0.0951946062
0.2518947125
0.0497924281
0.0865447708
0.2607086229
0.0721163365
0.0724821807
0.2583937065
0.0799307847
0.1245391212
0.2568887389
0.1134057300
0.1770902885
0.2773902118
0.1549836543
0.2180758572
0.2891925697
-0.0183772250
0.0964435952
0.2665534815
0.0127632575
0.0951066013
0.2527282143
0.0386920205
0.1010322267
0.2440009596
0.0496283744
0.1037350385
0.2368956403
0.0615696343
0.1074129089
0.2375987860
0.0679080864
0.1163786036
0.2383795965
0.0942315932
0.1450834982
0.2468763071
0.1237494819
0.1846740579
0.2559894578
0.1778433326
0.2260479631
0.2704301995
0.0064933844
0.1191935666
0.2675382217
0.0423804584
0.1147531132
0.2572478182
0.0594354505
0.1138515261
0.2421847629
0.0749909335
0.1202773444
0.2362176190
0.0778382860
0.1196443906
0.2287342014
0.0951441772
0.1344810388
0.2293472805
0.1127724381
0.1563036276
0.2289646487
0.1574425386
0.1976065179
0.2403594676
0.2086676768
0.2311307927
0.2474716554
-0.0061441420
0.0528410304
0.2505951404
0.0244171535
0.0491744281
0.2529123218
0.0308912211
0.0700159814
0.2549335633
0.0395861373
0.0803713539
0.2525619252
0.0525520727
0.0796277520
0.2601544560
0.0737027625
0.0697632491
0.2769029398
0.0717817149
0.1135820983
0.3012053695
0.0868366876
0.1514706401
0.3184517545
0.1331308519
0.2036327643
0.3351225188
-0.0286555141
0.0567096591
0.2404801411
0.0058920930
0.0551980548
0.2380103769
0.0230224721
0.0736130638
0.2352305309
0.0356184790
0.0817637762
0.2388027333
0.0433803009
0.0801275078
0.2440621708
0.0569586473
0.0748959938
0.2517754368
0.0676734496
0.1112134082
0.2603072003
0.0960138727
0.1523204992
0.2720719124
0.1411344843
0.1954648420
0.2801064477
-0.0387282429
0.0655927951
0.2269770631
-0.0058634270
0.0651137590
0.2208550036
0.0216409161
0.0784972341
0.2185388448
0.0318797417
0.0840044028
0.2181712519
0.0408850780
0.0861934505
0.2217230728
0.0407638695
0.0849633198
0.2233613816
0.0668325611
0.1187824938
0.2287022908
0.0961861581
0.1536488504
0.2350106811
0.1435997689
0.1936369753
0.2475336923
-0.0301084236
0.0767797713
0.2155977466
0.0094088560
0.0778509581
0.2113845548
0.0312806168
0.0843220397
0.2059217080
0.0431262543
0.0909313284
0.2055096644
0.0486484417
0.0932588543
0.2049680070
0.0580117170
0.1019913585
0.2050799853
0.0763422205
0.1272224089
0.2053696318
0.1095728862
0.1614875385
0.2130719942
0.1589420293
0.1935795350
0.2197387605
-0.0003951157
0.0932951944
0.2206292691
0.0334502947
0.0856853342
0.2105660555
0.0545181999
0.0937780725
0.2053574060
0.0640749842
0.0965646306
0.2001198655
0.0709400850
0.1043006101
0.1968475648
0.0790194546
0.1124402952
0.1909348540
0.1021301846
0.1386019197
0.1899836109
0.1382809285
0.1683245972
0.1910745141
0.1924945494
0.2027584277
0.2012834436
-0.0216793560
0.0495611308
0.2061912276
0.0114568818
0.0545764418
0.2087726976
0.0211197437
0.0619247901
0.2098056760
0.0319033927
0.0669613322
0.2123806593
0.0372613059
0.0672254752
0.2160072673
0.0538099649
0.0724941717
0.2317649933
0.0536716856
0.0888970919
0.2486533955
0.0782911468
0.1200603083
0.2638039761
0.1187330536
0.1543081031
0.2759319577
-0.0300493316
0.0499345492
0.1920766460
0.0008998509
0.0574037797
0.1896333714
0.0188634454
0.0629497338
0.1915037666
0.0281038848
0.0660715728
0.1937141981
0.0362536886
0.0682110803
0.1989636988
0.0431945594
0.0706598768
0.2046661719
0.0572308801
0.0905016466
0.2130550660
0.0815836201
0.1131597500
0.2209959889
0.1268772619
0.1537334626
0.2347705689
-0.0439435928
0.0516640717
0.1664711548
-0.0042779374
0.0586261104
0.1651117622
0.0146081374
0.0630316488
0.1626773217
0.0236072397
0.0686260403
0.1668618909
0.0279780287
0.0687302822
0.1692453734
0.0331875772
0.0768652814
0.1714475891
0.0468492307
0.0920050705
0.1718511332
0.0720302862
0.1205183722
0.1838380926
0.1222476810
0.1487347138
0.1964467624
-0.0312886499
0.0592015183
0.1571426676
0.0043643840
0.0602409823
0.1506041188
0.0236762670
0.0678536223
0.1514484860
0.0321059615
0.0718151453
0.1512135652
0.0367967817
0.0773122384
0.1520005951
0.0414398574
0.0834150875
0.1506742132
0.0569877311
0.1038063974
0.1538935177
0.0843978800
0.1286145213
0.1585009158
0.1282522991
0.1575403330
0.1758280232
-0.0103045174
0.0647302758
0.1531011469
0.0278854197
0.0682873537
0.1503897978
0.0460890754
0.0730470169
0.1460058684
0.0528317557
0.0820119745
0.1464023955
0.0588167489
0.0860331795
0.1436375090
0.0653884039
0.0980099216
0.1401520612
0.0835158664
0.1156220682
0.1348655296
0.1115864809
0.1434370277
0.1429594720
0.1658799062
0.1688971335
0.1537263148
-0.0184886770
0.0329964462
0.1688425007
0.0027829059
0.0427879467
0.1648582841
0.0210949252
0.0482536213
0.1660406373
0.0272100104
0.0480421584
0.1672746457
0.0359945931
0.0505866352
0.1741783218
0.0394342429
0.0513736455
0.1818534438
0.0520841848
0.0641907826
0.1956158051
0.0734774677
0.0804918110
0.2100591574
0.1242896504
0.1254711871
0.2269070431
-0.0283585044
0.0296644968
0.1383392542
0.0005299657
0.0408020552
0.1388928974
0.0134402892
0.0425969615
0.1406280517
0.0255304138
0.0454089381
0.1443781578
0.0273448408
0.0418064494
0.1483771130
0.0386788475
0.0491679251
0.1526018751
0.0438862547
0.0512117835
0.1571497402
0.0734711411
0.0766551682
0.1655970519
0.1050666202
0.1004354474
0.1764138628
-0.0307526204
0.0279847758
0.1010331375
-0.0048248884
0.0367938767
0.0878131320
0.0086485208
0.0396092015
0.0943809801
0.0096654214
0.0397877881
0.0959532799
0.0164469700
0.0426657272
0.0995017350
0.0157086472
0.0440700888
0.0986828313
0.0268012915
0.0553603735
0.1023067677
0.0332996634
0.0682888580
0.1019507380
0.0795226128
0.0967910450
0.1340612322
-0.0270315678
0.0292186639
0.0800008725
0.0026890782
0.0364723101
0.0804833807
0.0117651906
0.0372268585
0.0796659593
0.0180259772
0.0445118451
0.0825849493
0.0181712408
0.0439576365
0.0831096550
0.0235667510
0.0530143113
0.0829894262
0.0273751179
0.0597114542
0.0812727754
0.0462978870
0.0790920814
0.0920499259
0.0770338023
0.0931772810
0.1070949043
-0.0066478301
0.0399354670
0.0860818328
0.0190405680
0.0368436882
0.0729493452
0.0300898927
0.0484325023
0.0769415397
0.0334013543
0.0512776956
0.0773481527
0.0382526842
0.0601027749
0.0775610617
0.0414844524
0.0639830991
0.0733184753
0.0531288975
0.0804627085
0.0737267852
0.0668072197
0.0942026367
0.0730540704
0.1100461768
0.1178324251
0.1018884911
-0.0129201722
0.0200870050
0.1377580823
0.0132777142
0.0402181702
0.1380918122
0.0239047954
0.0447473229
0.1352227608
0.0372141520
0.0462244628
0.1425104465
0.0378156294
0.0440896164
0.1448773338
0.0499000400
0.0485017170
0.1526440039
0.0537314215
0.0501324906
0.1550411301
0.0864024550
0.0752604847
0.1700151201
0.1309265582
0.1307081388
0.1817427867
-0.0147835357
0.0088979093
0.0995821606
0.0008247197
0.0261062191
0.0919469727
0.0218221207
0.0307435660
0.1003323756
0.0248633328
0.0279084845
0.1032922248
0.0364614653
0.0317461696
0.1086172027
0.0369649937
0.0293261292
0.1076049918
0.0554044263
0.0379234862
0.1089893467
0.0704251044
0.0452423216
0.1029145086
0.1209484782
0.0975179085
0.1279831439
