0.0018552198
0.0294567024
0.2745403267
0.0274099067
0.0198196575
0.2882339793
0.0359768165
0.0605026539
0.2949063803
0.0447519092
0.0813849420
0.2847608385
0.0625999626
0.0667474802
0.2750184744
0.0828806863
0.0383075508
0.3129574576
0.0848096086
0.1080339652
0.3520224209
0.1001574687
0.1750066536
0.3716678671
0.1426033384
0.2311385415
0.3858863323
-0.0185504185
0.0436401936
0.2813891899
0.0096030593
0.2737845107
0.0298611165
0.0689219254
0.2699049889
0.0404573761
0.0873674040
0.2672522479
0.0560783729
0.0735379925
0.2735719097
0.0675183203
0.2824243543
0.0842983855
0.1128106559
0.2986522368
0.1049113539
0.1711704419
0.3137932998
0.1544976262
0.2252952839
0.3324984901
-0.0333969739
0.0629786868
0.2837956022
0.0102562911
0.0570361688
0.2648525791
0.0263762182
0.0815630740
0.2456820792
0.0432788429
0.0951945932
0.2518947151
0.0497924319
0.0865447590
0.2607086185
0.0721163370
0.0724821750
0.2583937036
0.0799307835
0.1245391134
0.2568887404
0.1134057135
0.1770902783
0.2773902067
0.1549836285
0.2180758382
0.2891925773
-0.0183772536
0.0964436002
0.2665534944
0.0127632518
0.0951065969
0.2527282269
0.0386920243
0.1010322187
0.2440009725
0.0496283738
0.1037350288
0.2368956480
0.0615696313
0.1074129116
0.2375987916
0.0679080894
0.1163786013
0.2383795931
0.0942315998
0.1450835001
0.2468763065
0.1237494737
0.1846740471
0.2559894611
0.1778433110
0.2260479609
0.2704301950
0.0064933619
0.1191935672
0.2675382544
0.0423804456
0.1147531109
0.2572478475
0.0594354409
0.1138515168
0.2421847874
0.0749909281
0.1202773490
0.2362176359
0.0778382867
0.1196443809
0.2287342097
0.0951441807
0.1344810431
0.2293472890
0.1127724530
0.1563036241
0.2289646494
0.1574425481
0.1976065277
0.2403594688
0.2086676583
0.2311307972
0.2474716340
-0.0061441452
0.0528410425
0.2505951402
0.0244171481
0.0491744333
0.2529123142
0.0308912305
0.0700159840
0.2549335461
0.0395861500
0.0803713571
0.2525619174
0.0525520772
0.0796277430
0.2601544523
0.0737027686
0.0697632521
0.2769029374
0.0717817084
0.1135820886
0.3012053723
0.0868366713
0.1514706315
0.3184517624
0.1331308136
0.2036327633
0.3351225276
-0.0286555086
0.0567096690
0.2404801289
0.0058921013
0.0551980568
0.2380103642
0.0230224789
0.0736130693
0.2352305249
0.0356184917
0.0817637655
0.2388027382
0.0433803068
0.0801275007
0.2440621695
0.0569586513
0.0748959870
0.2517754311
0.0676734497
0.1112133989
0.2603072099
0.0960138559
0.1523204843
0.2720719213
0.1411344551
0.1954648311
0.2801064586
-0.0387282376
0.0655928076
0.2269770593
-0.0058634310
0.0651137677
0.2208549969
0.0216409234
0.0784972353
0.2185388402
0.0318797448
0.0840043886
0.2181712519
0.0408850846
0.0861934454
0.2217230765
0.0407638803
0.0849633120
0.2233613885
0.0668325609
0.1187824844
0.2287022934
0.0961861422
0.1536488538
0.2350106878
0.1435997487
0.1936369607
0.2475336964
-0.0301084294
0.0767797830
0.2155977555
0.0094088488
0.0778509644
0.2113845616
0.0312806124
0.0843220372
0.2059217165
0.0431262549
0.0909313253
0.2055096665
0.0486484395
0.0932588447
0.2049680031
0.0580117211
0.1019913537
0.2050799860
0.0763422273
0.1272224004
0.2053696322
0.1095728739
0.1614875245
0.2130720015
0.1589420134
0.1935795262
0.2197387690
-0.0003951408
0.0932951961
0.2206292807
0.0334502775
0.0856853380
0.2105660637
0.0545181968
0.0937780652
0.2053574208
0.0640749713
0.0965646235
0.2001198713
0.0709400732
0.1043006133
0.1968475709
0.0790194559
0.1124402906
0.1909348627
0.1021301946
0.1386019170
0.1899836104
0.1382809236
0.1683245826
0.1910745229
0.1924945405
0.2027584144
0.2012834482
-0.0216793529
0.0495611376
0.2061912134
0.0114568838
0.0545764547
0.2087726895
0.0211197555
0.0619247922
0.2098056667
0.0319034077
0.0669613338
0.2123806474
0.0372613166
0.0672254730
0.2160072756
0.0538099646
0.0724941693
0.2317650065
0.0536716806
0.0888970805
0.2486534065
0.0782911249
0.1200603137
0.2638040016
0.1187330258
0.1543081097
0.2759319779
-0.0300493279
0.0499345631
0.1920766358
0.0008998491
0.0574037967
0.1896333593
0.0188634482
0.0629497375
0.1915037583
0.0281038929
0.0660715693
0.1937141973
0.0362536937
0.0682110813
0.1989637014
0.0431945642
0.0706598719
0.2046661851
0.0572308733
0.0905016368
0.2130550755
0.0815836015
0.1131597493
0.2209959895
0.1268772379
0.1537334751
0.2347705805
-0.0439435905
0.0516640861
0.1664711534
-0.0042779420
0.0586261128
0.1651117639
0.0146081417
0.0630316506
0.1626773170
0.0236072478
0.0686260405
0.1668618898
0.0279780301
0.0687302835
0.1692453781
0.0331875765
0.0768652791
0.1714475996
0.0468492277
0.0920050653
0.1718511408
0.0720302727
0.1205183651
0.1838381051
0.1222476677
0.1487347102
0.1964467633
-0.0312886595
0.0592015378
0.1571426715
0.0043643797
0.0602409922
0.1506041140
0.0236762703
0.0678536243
0.1514484847
0.0321059636
0.0718151308
0.1512135633
0.0367967749
0.0773122400
0.1520006045
0.0414398621
0.0834150822
0.1506742188
0.0569877310
0.1038063901
0.1538935353
0.0843978730
0.1286145194
0.1585009284
0.1282522873
0.1575403267
0.1758280352
-0.0103045212
0.0647302944
0.1531011499
0.0278854238
0.0682873543
0.1503898008
0.0460890641
0.0730470141
0.1460058821
0.0528317409
0.0820119645
0.1464024055
0.0588167355
0.0860331729
0.1436375134
0.0653884107
0.0980099040
0.1401520681
0.0835158583
0.1156220549
0.1348655354
0.1115864802
0.1434370115
0.1429594782
0.1658799023
0.1688971210
0.1537263268
-0.0184886628
0.0329964752
0.1688424715
0.0027829130
0.0427879578
0.1648582783
0.0210949315
0.0482536348
0.1660406382
0.0272100200
0.0480421699
0.1672746556
0.0359946068
0.0505866482
0.1741783202
0.0394342483
0.0513736366
0.1818534566
0.0520841772
0.0641907848
0.1956158210
0.0734774428
0.0804918147
0.2100591882
0.1242896223
0.1254712049
0.2269070814
-0.0283585042
0.0296645145
0.1383392382
0.0005299704
0.0408020624
0.1388928867
0.0134402954
0.0425969696
0.1406280467
0.0255304184
0.0454089465
0.1443781630
0.0273448422
0.0418064454
0.1483771100
0.0386788515
0.0491679200
0.1526018841
0.0438862557
0.0512117837
0.1571497483
0.0734711335
0.0766551766
0.1655970797
0.1050665980
0.1004354658
0.1764138892
-0.0307526263
0.0279847873
0.1010331339
-0.0048248797
0.0367938747
0.0878131216
0.0086485191
0.0396091991
0.0943809778
0.0096654279
0.0397877904
0.0959532872
0.0164469739
0.0426657258
0.0995017356
0.0157086513
0.0440700833
0.0986828311
0.0268012864
0.0553603665
0.1023067765
0.0332996443
0.0682888513
0.1019507410
0.0795226027
0.0967910479
0.1340612409
-0.0270315722
0.0292186608
0.0800008689
0.0026890730
0.0364723123
0.0804833795
0.0117651929
0.0372268490
0.0796659550
0.0180259772
0.0445118436
0.0825849493
0.0181712428
0.0439576315
0.0831096530
0.0235667514
0.0530143028
0.0829894319
0.0273751056
0.0597114465
0.0812727867
0.0462978881
0.0790920801
0.0920499275
0.0770338031
0.0931772714
0.1070949081
-0.0066478290
0.0399354751
0.0860818378
0.0190405668
0.0368436811
0.0729493454
0.0300898869
0.0484324963
0.0769415461
0.0334013534
0.0512776871
0.0773481564
0.0382526823
0.0601027718
0.0775610676
0.0414844540
0.0639830858
0.0733184804
0.0531288943
0.0804626940
0.0737267879
0.0668072116
0.0942026259
0.0730540686
0.1100461824
0.1178324353
0.1018884783
-0.0129201663
0.0200870092
0.1377580940
0.0132777146
0.0402181779
0.1380918082
0.0239047979
0.0447473263
0.1352227607
0.0372141683
0.0462244738
0.1425104526
0.0378156443
0.0440896293
0.1448773350
0.0499000366
0.0485017147
0.1526440216
0.0537314115
0.0501324882
0.1550411581
0.0864024206
0.0752604795
0.1700151573
0.1309265219
0.1307081494
0.1817428184
-0.0147835298
0.0088979140
0.0995821716
0.0008247124
0.0261062300
0.0919469739
0.0218221307
0.0307435699
0.1003323721
0.0248633408
0.0279084967
0.1032922172
0.0364614734
0.0317461757
0.1086172092
0.0369650028
0.0293261249
0.1076050164
0.0554044237
0.0379234879
0.1089893656
0.0704250893
0.0452423217
0.1029145344
0.1209484545
0.0975179113
0.1279831755
