0.0018552372
0.0294566530
0.2745403461
0.0274099068
0.0198196578
0.2882339790
0.0359768118
0.0605026548
0.2949063962
0.0447518562
0.0813849797
0.2847608473
0.0625999450
0.0667474968
0.2750184761
0.0828806812
0.0383075566
0.3129574581
0.0848096218
0.1080339602
0.3520224199
0.1001575250
0.1750066648
0.3716678867
0.1426034059
0.2311385848
0.3858863741
-0.0185504391
0.0436401567
0.2813891946
0.0096030381
0.2737844991
0.0298610962
0.0689219392
0.2699049840
0.0404573549
0.0873674247
0.2672522586
0.0560783563
0.0735380081
0.2735719310
0.0675183231
0.2824243596
0.0842983883
0.1128106729
0.2986522473
0.1049113798
0.1711704584
0.3137933050
0.1544976843
0.2252953209
0.3324984936
-0.0333969853
0.0629786763
0.2837955962
0.0102562897
0.0570361677
0.2648525599
0.0263762079
0.0815630971
0.2456820740
0.0432788291
0.0951946130
0.2518947081
0.0497924237
0.0865447810
0.2607086177
0.0721163300
0.0724821820
0.2583937098
0.0799307822
0.1245391259
0.2568887409
0.1134057473
0.1770902970
0.2773902143
0.1549836741
0.2180758654
0.2891925613
-0.0183772019
0.0964435901
0.2665534675
0.0127632634
0.0951066085
0.2527282095
0.0386920219
0.1010322371
0.2440009458
0.0496283802
0.1037350443
0.2368956289
0.0615696351
0.1074129109
0.2375987792
0.0679080852
0.1163786150
0.2383795928
0.0942315915
0.1450835010
0.2468763113
0.1237494958
0.1846740651
0.2559894591
0.1778433534
0.2260479668
0.2704302063
0.0064934072
0.1191935676
0.2675381993
0.0423804664
0.1147531181
0.2572477943
0.0594354585
0.1138515283
0.2421847400
0.0749909394
0.1202773415
0.2362176069
0.0778382815
0.1196443912
0.2287341918
0.0951441693
0.1344810314
0.2293472730
0.1127724258
0.1563036272
0.2289646535
0.1574425313
0.1976065164
0.2403594693
0.2086676956
0.2311307932
0.2474716704
-0.0061441430
0.0528410259
0.2505951366
0.0244171536
0.0491744244
0.2529123241
0.0308912146
0.0700159744
0.2549335744
0.0395861222
0.0803713660
0.2525619356
0.0525520697
0.0796277569
0.2601544555
0.0737027625
0.0697632561
0.2769029327
0.0717817238
0.1135821025
0.3012053634
0.0868367065
0.1514706516
0.3184517483
0.1331308787
0.2036327605
0.3351225071
-0.0286555250
0.0567096500
0.2404801454
0.0058920966
0.0551980478
0.2380103868
0.0230224571
0.0736130615
0.2352305363
0.0356184688
0.0817637842
0.2388027364
0.0433802960
0.0801275136
0.2440621707
0.0569586429
0.0748959985
0.2517754305
0.0676734545
0.1112134107
0.2603071983
0.0960138867
0.1523205001
0.2720719035
0.1411345065
0.1954648473
0.2801064468
-0.0387282457
0.0655927870
0.2269770684
-0.0058634257
0.0651137553
0.2208550047
0.0216409087
0.0784972393
0.2185388536
0.0318797351
0.0840044046
0.2181712479
0.0408850749
0.0861934503
0.2217230700
0.0407638701
0.0849633275
0.2233613829
0.0668325600
0.1187824978
0.2287022839
0.0961861658
0.1536488656
0.2350106664
0.1435997839
0.1936369795
0.2475336892
-0.0301084176
0.0767797638
0.2155977363
0.0094088604
0.0778509537
0.2113845500
0.0312806144
0.0843220442
0.2059217022
0.0431262565
0.0909313381
0.2055096632
0.0486484463
0.0932588547
0.2049680014
0.0580117137
0.1019913713
0.2050799851
0.0763422266
0.1272224203
0.2053696315
0.1095728959
0.1614875453
0.2130719906
0.1589420448
0.1935795470
0.2197387545
-0.0003951032
0.0932951894
0.2206292567
0.0334503074
0.0856853309
0.2105660467
0.0545182085
0.0937780724
0.2053573915
0.0640749910
0.0965646328
0.2001198554
0.0709400895
0.1043006154
0.1968475620
0.0790194512
0.1124402975
0.1909348525
0.1021301797
0.1386019179
0.1899836111
0.1382809359
0.1683246114
0.1910745043
0.1924945603
0.2027584400
0.2012834393
-0.0216793628
0.0495611268
0.2061912365
0.0114568824
0.0545764282
0.2087727086
0.0211197336
0.0619247797
0.2098056872
0.0319033796
0.0669613281
0.2123806709
0.0372613018
0.0672254751
0.2160072646
0.0538099635
0.0724941717
0.2317649822
0.0536716884
0.0888970973
0.2486533832
0.0782911597
0.1200603070
0.2638039628
0.1187330728
0.1543080948
0.2759319433
-0.0300493349
0.0499345331
0.1920766551
0.0008998474
0.0574037790
0.1896333775
0.0188634360
0.0629497293
0.1915037729
0.0281038728
0.0660715742
0.1937142022
0.0362536854
0.0682110803
0.1989636982
0.0431945542
0.0706598814
0.2046661662
0.0572308848
0.0905016531
0.2130550591
0.0815836334
0.1131597497
0.2209959782
0.1268772803
0.1537334540
0.2347705600
-0.0439435908
0.0516640617
0.1664711573
-0.0042779401
0.0586260995
0.1651117657
0.0146081347
0.0630316414
0.1626773254
0.0236072361
0.0686260472
0.1668618946
0.0279780276
0.0687302885
0.1692453716
0.0331875698
0.0768652883
0.1714475815
0.0468492356
0.0920050719
0.1718511280
0.0720302972
0.1205183713
0.1838380879
0.1222476947
0.1487347211
0.1964467555
-0.0312886401
0.0592015049
0.1571426628
0.0043643898
0.0602409767
0.1506041187
0.0236762657
0.0678536244
0.1514484868
0.0321059645
0.0718151459
0.1512135574
0.0367967847
0.0773122421
0.1520005944
0.0414398561
0.0834150960
0.1506742112
0.0569877362
0.1038064073
0.1538935145
0.0843978883
0.1286145298
0.1585009028
0.1282523083
0.1575403432
0.1758280110
-0.0103045130
0.0647302613
0.1531011412
0.0278854207
0.0682873551
0.1503897869
0.0460890749
0.0730470196
0.1460058574
0.0528317604
0.0820119864
0.1464023852
0.0588167611
0.0860331823
0.1436375011
0.0653883997
0.0980099348
0.1401520518
0.0835158661
0.1156220766
0.1348655245
0.1115864840
0.1434370446
0.1429594697
0.1658799123
0.1688971448
0.1537263087
-0.0184886820
0.0329964244
0.1688425188
0.0027829054
0.0427879385
0.1648582933
0.0210949195
0.0482536108
0.1660406392
0.0272099980
0.0480421571
0.1672746424
0.0359945805
0.0505866279
0.1741783204
0.0394342386
0.0513736475
0.1818534416
0.0520841947
0.0641907790
0.1956157887
0.0734774873
0.0804918003
0.2100591403
0.1242896738
0.1254711763
0.2269070161
-0.0283585043
0.0296644907
0.1383392673
0.0005299682
0.0408020490
0.1388929110
0.0134402917
0.0425969613
0.1406280536
0.0255304016
0.0454089351
0.1443781618
0.0273448351
0.0418064422
0.1483771030
0.0386788420
0.0491679334
0.1526018759
0.0438862563
0.0512117851
0.1571497230
0.0734711498
0.0766551710
0.1655970350
0.1050666362
0.1004354364
0.1764138453
-0.0307526193
0.0279847665
0.1010331477
-0.0048248829
0.0367938665
0.0878131310
0.0086485234
0.0396092008
0.0943809863
0.0096654200
0.0397877881
0.0959532806
0.0164469657
0.0426657266
0.0995017321
0.0157086478
0.0440700976
0.0986828247
0.0268012939
0.0553603762
0.1023067690
0.0332996585
0.0682888529
0.1019507294
0.0795226219
0.0967910414
0.1340612238
-0.0270315658
0.0292186527
0.0800008781
0.0026890783
0.0364723114
0.0804833874
0.0117651961
0.0372268569
0.0796659654
0.0180259770
0.0445118504
0.0825849457
0.0181712462
0.0439576333
0.0831096528
0.0235667504
0.0530143236
0.0829894201
0.0273751160
0.0597114614
0.0812727722
0.0462978918
0.0790920865
0.0920499171
0.0770338014
0.0931772806
0.1070949017
-0.0066478287
0.0399354556
0.0860818245
0.0190405672
0.0368436923
0.0729493400
0.0300898971
0.0484325129
0.0769415416
0.0334013601
0.0512776990
0.0773481468
0.0382526884
0.0601027772
0.0775610590
0.0414844512
0.0639831033
0.0733184793
0.0531289015
0.0804627226
0.0737267808
0.0668072267
0.0942026395
0.0730540745
0.1100461785
0.1178324213
0.1018885013
-0.0129201735
0.0200870032
0.1377580679
0.0132777191
0.0402181642
0.1380918117
0.0239047919
0.0447473210
0.1352227585
0.0372141333
0.0462244520
0.1425104409
0.0378156139
0.0440896060
0.1448773292
0.0499000422
0.0485017219
0.1526439890
0.0537314264
0.0501324949
0.1550411059
0.0864024804
0.0752604906
0.1700150934
0.1309265843
0.1307081333
0.1817427632
-0.0147835382
0.0088979066
0.0995821526
0.0008247142
0.0261062114
0.0919469696
0.0218221132
0.0307435624
0.1003323789
0.0248633270
0.0279084773
0.1032922279
0.0364614596
0.0317461652
0.1086171943
0.0369649932
0.0293261304
0.1076049795
0.0554044239
0.0379234896
0.1089893302
0.0704251098
0.0452423156
0.1029144957
0.1209485013
0.0975179058
0.1279831222
