0.0018552199
0.0294567024
0.2745403267
0.0274099067
0.0198196575
0.2882339793
0.0359768165
0.0605026538
0.2949063804
0.0447519091
0.0813849420
0.2847608386
0.0625999626
0.0667474802
0.2750184744
0.0828806863
0.0383075508
0.3129574576
0.0848096086
0.1080339651
0.3520224208
0.1001574688
0.1750066536
0.3716678672
0.1426033385
0.2311385416
0.3858863323
-0.0185504185
0.0436401936
0.2813891899
0.0096030589
0.2737845107
0.0298611164
0.0689219254
0.2699049888
0.0404573763
0.0873674040
0.2672522479
0.0560783729
0.0735379926
0.2735719097
0.0675183206
0.2824243543
0.0842983855
0.1128106559
0.2986522369
0.1049113536
0.1711704419
0.3137932999
0.1544976263
0.2252952839
0.3324984901
-0.0333969739
0.0629786868
0.2837956022
0.0102562911
0.0570361687
0.2648525791
0.0263762181
0.0815630741
0.2456820792
0.0432788429
0.0951945933
0.2518947150
0.0497924320
0.0865447589
0.2607086185
0.0721163371
0.0724821750
0.2583937036
0.0799307834
0.1245391134
0.2568887404
0.1134057135
0.1770902783
0.2773902067
0.1549836285
0.2180758383
0.2891925773
-0.0183772536
0.0964436002
0.2665534944
0.0127632522
0.0951065969
0.2527282270
0.0386920243
0.1010322187
0.2440009725
0.0496283735
0.1037350289
0.2368956480
0.0615696312
0.1074129116
0.2375987916
0.0679080891
0.1163786013
0.2383795931
0.0942315999
0.1450835001
0.2468763064
0.1237494741
0.1846740471
0.2559894611
0.1778433111
0.2260479609
0.2704301950
0.0064933619
0.1191935672
0.2675382543
0.0423804456
0.1147531109
0.2572478475
0.0594354410
0.1138515168
0.2421847873
0.0749909281
0.1202773490
0.2362176359
0.0778382867
0.1196443810
0.2287342096
0.0951441807
0.1344810431
0.2293472889
0.1127724530
0.1563036241
0.2289646495
0.1574425481
0.1976065277
0.2403594688
0.2086676583
0.2311307972
0.2474716341
-0.0061441451
0.0528410425
0.2505951402
0.0244171481
0.0491744330
0.2529123142
0.0308912305
0.0700159840
0.2549335460
0.0395861500
0.0803713574
0.2525619173
0.0525520772
0.0796277430
0.2601544523
0.0737027686
0.0697632524
0.2769029375
0.0717817084
0.1135820887
0.3012053723
0.0868366713
0.1514706312
0.3184517624
0.1331308137
0.2036327633
0.3351225276
-0.0286555087
0.0567096689
0.2404801286
0.0058921010
0.0551980566
0.2380103640
0.0230224792
0.0736130692
0.2352305262
0.0356184919
0.0817637657
0.2388027379
0.0433803066
0.0801275009
0.2440621695
0.0569586515
0.0748959872
0.2517754314
0.0676734499
0.1112133988
0.2603072086
0.0960138557
0.1523204841
0.2720719216
0.1411344551
0.1954648311
0.2801064589
-0.0387282376
0.0655928075
0.2269770594
-0.0058634310
0.0651137690
0.2208549968
0.0216409234
0.0784972353
0.2185388402
0.0318797449
0.0840043875
0.2181712521
0.0408850846
0.0861934455
0.2217230765
0.0407638801
0.0849633109
0.2233613883
0.0668325609
0.1187824845
0.2287022934
0.0961861424
0.1536488552
0.2350106879
0.1435997488
0.1936369607
0.2475336964
-0.0301084294
0.0767797830
0.2155977559
0.0094088490
0.0778509641
0.2113845618
0.0312806122
0.0843220372
0.2059217151
0.0431262547
0.0909313255
0.2055096668
0.0486484397
0.0932588447
0.2049680031
0.0580117209
0.1019913539
0.2050799858
0.0763422271
0.1272224005
0.2053696335
0.1095728741
0.1614875243
0.2130720013
0.1589420135
0.1935795262
0.2197387686
-0.0003951407
0.0932951961
0.2206292807
0.0334502776
0.0856853377
0.2105660638
0.0545181968
0.0937780652
0.2053574209
0.0640749713
0.0965646238
0.2001198713
0.0709400732
0.1043006133
0.1968475709
0.0790194559
0.1124402909
0.1909348627
0.1021301946
0.1386019170
0.1899836104
0.1382809236
0.1683245823
0.1910745228
0.1924945405
0.2027584144
0.2012834482
-0.0216793529
0.0495611375
0.2061912135
0.0114568837
0.0545764546
0.2087726895
0.0211197554
0.0619247924
0.2098056667
0.0319034077
0.0669613337
0.2123806474
0.0372613166
0.0672254729
0.2160072756
0.0538099647
0.0724941693
0.2317650065
0.0536716806
0.0888970807
0.2486534064
0.0782911249
0.1200603136
0.2638040015
0.1187330259
0.1543081097
0.2759319779
-0.0300493280
0.0499345631
0.1920766358
0.0008998505
0.0574037966
0.1896333595
0.0188634482
0.0629497375
0.1915037583
0.0281038918
0.0660715694
0.1937141969
0.0362536938
0.0682110812
0.1989637014
0.0431945631
0.0706598717
0.2046661856
0.0572308733
0.0905016369
0.2130550754
0.0815836029
0.1131597495
0.2209959893
0.1268772379
0.1537334750
0.2347705805
-0.0439435905
0.0516640861
0.1664711534
-0.0042779420
0.0586261128
0.1651117639
0.0146081419
0.0630316502
0.1626773171
0.0236072478
0.0686260405
0.1668618898
0.0279780299
0.0687302841
0.1692453779
0.0331875766
0.0768652791
0.1714475996
0.0468492278
0.0920050649
0.1718511411
0.0720302727
0.1205183651
0.1838381050
0.1222476677
0.1487347103
0.1964467633
-0.0312886594
0.0592015377
0.1571426715
0.0043643784
0.0602409922
0.1506041138
0.0236762703
0.0678536243
0.1514484847
0.0321059646
0.0718151308
0.1512135638
0.0367967748
0.0773122399
0.1520006045
0.0414398631
0.0834150825
0.1506742183
0.0569877310
0.1038063902
0.1538935353
0.0843978717
0.1286145193
0.1585009285
0.1282522874
0.1575403267
0.1758280351
-0.0103045212
0.0647302944
0.1531011499
0.0278854238
0.0682873543
0.1503898008
0.0460890641
0.0730470142
0.1460058820
0.0528317409
0.0820119645
0.1464024055
0.0588167356
0.0860331727
0.1436375134
0.0653884106
0.0980099040
0.1401520681
0.0835158583
0.1156220550
0.1348655353
0.1115864803
0.1434370116
0.1429594782
0.1658799022
0.1688971210
0.1537263268
-0.0184886628
0.0329964751
0.1688424716
0.0027829130
0.0427879581
0.1648582783
0.0210949315
0.0482536347
0.1660406383
0.0272100200
0.0480421697
0.1672746557
0.0359946068
0.0505866482
0.1741783202
0.0394342483
0.0513736364
0.1818534565
0.0520841772
0.0641907847
0.1956158210
0.0734774428
0.0804918150
0.2100591881
0.1242896223
0.1254712049
0.2269070813
-0.0283585043
0.0296645145
0.1383392385
0.0005299701
0.0408020626
0.1388928869
0.0134402951
0.0425969696
0.1406280455
0.0255304186
0.0454089463
0.1443781633
0.0273448427
0.0418064452
0.1483771100
0.0386788517
0.0491679198
0.1526018838
0.0438862554
0.0512117838
0.1571497496
0.0734711333
0.0766551768
0.1655970795
0.1050665981
0.1004354658
0.1764138889
-0.0307526263
0.0279847873
0.1010331339
-0.0048248797
0.0367938735
0.0878131217
0.0086485191
0.0396091991
0.0943809778
0.0096654278
0.0397877914
0.0959532871
0.0164469739
0.0426657258
0.0995017356
0.0157086514
0.0440700844
0.0986828312
0.0268012864
0.0553603665
0.1023067765
0.0332996442
0.0682888501
0.1019507409
0.0795226027
0.0967910480
0.1340612409
-0.0270315722
0.0292186609
0.0800008687
0.0026890733
0.0364723125
0.0804833793
0.0117651931
0.0372268490
0.0796659560
0.0180259769
0.0445118435
0.0825849491
0.0181712424
0.0439576315
0.0831096530
0.0235667511
0.0530143026
0.0829894321
0.0273751059
0.0597114465
0.0812727857
0.0462978884
0.0790920804
0.0920499277
0.0770338032
0.0931772715
0.1070949083
-0.0066478290
0.0399354751
0.0860818378
0.0190405669
0.0368436813
0.0729493453
0.0300898869
0.0484324963
0.0769415461
0.0334013534
0.0512776869
0.0773481564
0.0382526823
0.0601027719
0.0775610676
0.0414844539
0.0639830856
0.0733184804
0.0531288943
0.0804626940
0.0737267879
0.0668072117
0.0942026262
0.0730540686
0.1100461824
0.1178324353
0.1018884783
-0.0129201663
0.0200870092
0.1377580940
0.0132777146
0.0402181779
0.1380918082
0.0239047979
0.0447473262
0.1352227607
0.0372141682
0.0462244738
0.1425104526
0.0378156442
0.0440896293
0.1448773350
0.0499000366
0.0485017147
0.1526440216
0.0537314115
0.0501324882
0.1550411581
0.0864024207
0.0752604795
0.1700151573
0.1309265220
0.1307081494
0.1817428184
-0.0147835298
0.0088979140
0.0995821715
0.0008247122
0.0261062300
0.0919469739
0.0218221307
0.0307435698
0.1003323722
0.0248633410
0.0279084966
0.1032922173
0.0364614733
0.0317461757
0.1086172092
0.0369650030
0.0293261249
0.1076050163
0.0554044238
0.0379234878
0.1089893655
0.0704250890
0.0452423218
0.1029145343
0.1209484545
0.0975179113
0.1279831755
