0.0018552199
0.0294567022
0.2745403268
0.0274099067
0.0198196575
0.2882339793
0.0359768165
0.0605026538
0.2949063803
0.0447519090
0.0813849421
0.2847608386
0.0625999625
0.0667474803
0.2750184744
0.0828806863
0.0383075508
0.3129574575
0.0848096086
0.1080339651
0.3520224209
0.1001574689
0.1750066537
0.3716678672
0.1426033386
0.2311385417
0.3858863324
-0.0185504185
0.0436401935
0.2813891899
0.0096030594
0.2737845107
0.0298611164
0.0689219255
0.2699049889
0.0404573758
0.0873674040
0.2672522480
0.0560783730
0.0735379926
0.2735719097
0.0675183202
0.2824243542
0.0842983855
0.1128106559
0.2986522368
0.1049113541
0.1711704420
0.3137932999
0.1544976263
0.2252952840
0.3324984901
-0.0333969740
0.0629786867
0.2837956022
0.0102562911
0.0570361689
0.2648525791
0.0263762181
0.0815630742
0.2456820792
0.0432788429
0.0951945933
0.2518947150
0.0497924319
0.0865447589
0.2607086185
0.0721163371
0.0724821750
0.2583937036
0.0799307835
0.1245391135
0.2568887404
0.1134057135
0.1770902784
0.2773902067
0.1549836286
0.2180758383
0.2891925772
-0.0183772535
0.0964436002
0.2665534944
0.0127632517
0.0951065969
0.2527282269
0.0386920243
0.1010322187
0.2440009724
0.0496283739
0.1037350289
0.2368956479
0.0615696312
0.1074129116
0.2375987916
0.0679080895
0.1163786012
0.2383795932
0.0942315999
0.1450835001
0.2468763065
0.1237494736
0.1846740472
0.2559894611
0.1778433112
0.2260479609
0.2704301950
0.0064933620
0.1191935672
0.2675382542
0.0423804457
0.1147531109
0.2572478474
0.0594354410
0.1138515168
0.2421847873
0.0749909281
0.1202773490
0.2362176358
0.0778382867
0.1196443811
0.2287342096
0.0951441806
0.1344810431
0.2293472889
0.1127724529
0.1563036241
0.2289646494
0.1574425481
0.1976065276
0.2403594688
0.2086676583
0.2311307972
0.2474716341
-0.0061441451
0.0528410424
0.2505951402
0.0244171482
0.0491744334
0.2529123142
0.0308912305
0.0700159840
0.2549335462
0.0395861499
0.0803713570
0.2525619174
0.0525520772
0.0796277431
0.2601544523
0.0737027685
0.0697632520
0.2769029374
0.0717817084
0.1135820887
0.3012053723
0.0868366714
0.1514706317
0.3184517623
0.1331308138
0.2036327633
0.3351225276
-0.0286555086
0.0567096689
0.2404801292
0.0058921013
0.0551980569
0.2380103643
0.0230224792
0.0736130692
0.2352305243
0.0356184916
0.0817637655
0.2388027383
0.0433803063
0.0801275007
0.2440621695
0.0569586512
0.0748959870
0.2517754310
0.0676734500
0.1112133990
0.2603072105
0.0960138561
0.1523204846
0.2720719212
0.1411344552
0.1954648312
0.2801064584
-0.0387282376
0.0655928075
0.2269770594
-0.0058634310
0.0651137669
0.2208549969
0.0216409234
0.0784972353
0.2185388402
0.0318797449
0.0840043892
0.2181712520
0.0408850846
0.0861934454
0.2217230764
0.0407638801
0.0849633126
0.2233613884
0.0668325609
0.1187824845
0.2287022934
0.0961861425
0.1536488530
0.2350106879
0.1435997488
0.1936369608
0.2475336964
-0.0301084294
0.0767797830
0.2155977553
0.0094088487
0.0778509644
0.2113845614
0.0312806121
0.0843220372
0.2059217171
0.0431262550
0.0909313252
0.2055096664
0.0486484399
0.0932588446
0.2049680031
0.0580117212
0.1019913536
0.2050799862
0.0763422270
0.1272224005
0.2053696316
0.1095728738
0.1614875247
0.2130720016
0.1589420135
0.1935795263
0.2197387691
-0.0003951406
0.0932951961
0.2206292807
0.0334502776
0.0856853381
0.2105660637
0.0545181968
0.0937780653
0.2053574207
0.0640749714
0.0965646234
0.2001198713
0.0709400732
0.1043006133
0.1968475708
0.0790194559
0.1124402905
0.1909348627
0.1021301946
0.1386019170
0.1899836104
0.1382809236
0.1683245828
0.1910745229
0.1924945405
0.2027584144
0.2012834481
-0.0216793529
0.0495611375
0.2061912135
0.0114568838
0.0545764546
0.2087726896
0.0211197554
0.0619247924
0.2098056668
0.0319034076
0.0669613338
0.2123806474
0.0372613166
0.0672254729
0.2160072756
0.0538099646
0.0724941693
0.2317650065
0.0536716806
0.0888970807
0.2486534064
0.0782911251
0.1200603136
0.2638040014
0.1187330260
0.1543081097
0.2759319779
-0.0300493279
0.0499345631
0.1920766358
0.0008998485
0.0574037966
0.1896333596
0.0188634482
0.0629497375
0.1915037584
0.0281038934
0.0660715694
0.1937141968
0.0362536937
0.0682110812
0.1989637014
0.0431945648
0.0706598718
0.2046661856
0.0572308733
0.0905016370
0.2130550754
0.0815836009
0.1131597495
0.2209959893
0.1268772380
0.1537334750
0.2347705805
-0.0439435905
0.0516640861
0.1664711534
-0.0042779419
0.0586261129
0.1651117638
0.0146081418
0.0630316501
0.1626773171
0.0236072478
0.0686260405
0.1668618898
0.0279780300
0.0687302841
0.1692453779
0.0331875766
0.0768652791
0.1714475996
0.0468492278
0.0920050649
0.1718511409
0.0720302728
0.1205183652
0.1838381050
0.1222476677
0.1487347103
0.1964467633
-0.0312886595
0.0592015377
0.1571426715
0.0043643804
0.0602409922
0.1506041138
0.0236762703
0.0678536243
0.1514484847
0.0321059630
0.0718151308
0.1512135638
0.0367967750
0.0773122399
0.1520006044
0.0414398615
0.0834150824
0.1506742183
0.0569877310
0.1038063902
0.1538935353
0.0843978737
0.1286145194
0.1585009286
0.1282522874
0.1575403267
0.1758280351
-0.0103045212
0.0647302943
0.1531011499
0.0278854237
0.0682873543
0.1503898008
0.0460890642
0.0730470143
0.1460058820
0.0528317410
0.0820119646
0.1464024055
0.0588167355
0.0860331727
0.1436375134
0.0653884107
0.0980099041
0.1401520681
0.0835158584
0.1156220551
0.1348655353
0.1115864802
0.1434370116
0.1429594781
0.1658799023
0.1688971210
0.1537263268
-0.0184886629
0.0329964750
0.1688424717
0.0027829130
0.0427879576
0.1648582783
0.0210949315
0.0482536347
0.1660406382
0.0272100199
0.0480421700
0.1672746555
0.0359946068
0.0505866481
0.1741783202
0.0394342482
0.0513736368
0.1818534566
0.0520841773
0.0641907848
0.1956158210
0.0734774429
0.0804918146
0.2100591880
0.1242896224
0.1254712048
0.2269070812
-0.0283585042
0.0296645144
0.1383392381
0.0005299705
0.0408020623
0.1388928866
0.0134402950
0.0425969695
0.1406280474
0.0255304183
0.0454089465
0.1443781629
0.0273448425
0.0418064454
0.1483771100
0.0386788514
0.0491679201
0.1526018841
0.0438862555
0.0512117837
0.1571497477
0.0734711336
0.0766551764
0.1655970797
0.1050665982
0.1004354657
0.1764138892
-0.0307526263
0.0279847872
0.1010331339
-0.0048248798
0.0367938754
0.0878131217
0.0086485191
0.0396091991
0.0943809778
0.0096654278
0.0397877899
0.0959532871
0.0164469739
0.0426657259
0.0995017356
0.0157086514
0.0440700829
0.0986828312
0.0268012864
0.0553603666
0.1023067764
0.0332996443
0.0682888519
0.1019507410
0.0795226028
0.0967910479
0.1340612409
-0.0270315722
0.0292186608
0.0800008691
0.0026890729
0.0364723122
0.0804833796
0.0117651931
0.0372268491
0.0796659544
0.0180259773
0.0445118437
0.0825849494
0.0181712425
0.0439576316
0.0831096530
0.0235667515
0.0530143029
0.0829894318
0.0273751059
0.0597114465
0.0812727872
0.0462978879
0.0790920800
0.0920499275
0.0770338031
0.0931772715
0.1070949079
-0.0066478290
0.0399354751
0.0860818378
0.0190405668
0.0368436810
0.0729493454
0.0300898869
0.0484324964
0.0769415461
0.0334013535
0.0512776872
0.0773481564
0.0382526823
0.0601027718
0.0775610676
0.0414844540
0.0639830859
0.0733184803
0.0531288943
0.0804626941
0.0737267879
0.0668072116
0.0942026259
0.0730540686
0.1100461824
0.1178324353
0.1018884784
-0.0129201663
0.0200870091
0.1377580939
0.0132777146
0.0402181779
0.1380918082
0.0239047979
0.0447473262
0.1352227608
0.0372141682
0.0462244737
0.1425104526
0.0378156442
0.0440896292
0.1448773350
0.0499000366
0.0485017147
0.1526440216
0.0537314115
0.0501324882
0.1550411579
0.0864024208
0.0752604795
0.1700151571
0.1309265221
0.1307081494
0.1817428182
-0.0147835298
0.0088979140
0.0995821715
0.0008247127
0.0261062299
0.0919469738
0.0218221307
0.0307435698
0.1003323721
0.0248633406
0.0279084966
0.1032922173
0.0364614733
0.0317461757
0.1086172091
0.0369650026
0.0293261250
0.1076050163
0.0554044238
0.0379234878
0.1089893656
0.0704250895
0.0452423217
0.1029145343
0.1209484546
0.0975179113
0.1279831753
